v  -0.0496433265507221 0.0651532188057899 0.372165828943253
v     0.12389413267374 0.153864562511444 0.0602918714284897
v    0.172753632068634 0.193235442042351 -0.387924075126648
v   0.0144060971215367 -0.0535847842693329 0.0399859771132469
v    0.014937499538064 0.0103104608133435 0.0020295602735132
v   0.0234262999147177 0.000963005411904305 -7.25480349501595e-05
v   0.0217126999050379 0.00091541645815596 -0.00443723239004612
v   0.0275241490453482 0.0259153135120869 0.0184187274426222
v   0.0527943335473537 -0.0303018763661385 -0.0447494275867939
v   0.0751050338149071 -0.0381362587213516 0.0566314980387688
v   0.0201652906835079 0.000636590586509556 0.0155472038313746
v   0.0377384871244431 0.00350993522442877 0.034202016890049
v   0.0132635328918695 0.021537683904171 -0.0401988290250301
v   0.0156499221920967 0.0123824663460255 -0.0258670933544636
v   0.0247234907001257 -0.0379428528249264 -0.0287894364446402
v   0.0279410313814878 0.0411724224686623 -0.0383161604404449
v   0.0333057045936584 -0.0464389026165009 0.0495187230408192
v  0.00651864381507039 0.0188890118151903 0.0303225014358759
v   0.0166267361491919 -0.000961802608799189 0.00140108726918697
v   0.0274753458797932 -0.00795615185052156 -0.00171990355011076
v   0.0311984810978174 0.00232551340013742 0.0134973013773561
v   0.0188241135329008 -0.00396789843216538 0.00256582722067833
v  0.00291323033161461 0.00169790745712817 0.000793516403064132
v    0.011271926574409 -0.000401786383008584 -0.00161026394926012
v   0.0114893056452274 -0.00035059405490756 0.00147324148565531
v  0.00653304439038038 -0.0030693500302732 0.000536278414074332
v  -0.0014715512515977 -0.00550396367907524 0.000521406764164567
v -8.11211648397148e-05 -0.00398136489093304 0.000133134832140058
v -0.000766841985750943 -0.00422977237030864 0.000745915924198925
v 0.000133629800984636 -0.00709699187427759 0.00177542213350534
v -0.000577854923903942 -0.00846265908330679 0.00137266202364117
v -0.000826889765448868 -0.0027558165602386 0.000550829456187785
v -0.00190555781591684 -0.00114675844088197 0.000482164032291621
v -0.000143877608934417 0.00065872201230377 0.000711932720150799
v 0.000949396111536771 -0.00241725496016443 0.000134783011162654
v 0.000465095974504948 -0.006384018342942 -0.000519205292221159
v  -0.0023089109454304 -0.00226586544886231 -0.000174727334524505
v -0.00126091833226383 0.000337558536557481 0.000157689166371711
v -0.00100844993721694 -0.00781590864062309 -0.00132703315466642
v -0.00133039755746722 -0.00646587600931525 -0.000425871519837528
v  0.00214542495086789 -0.00600687740370631 -0.00132605351973325
v -0.00265998998656869 -0.0056358128786087 -0.000195125525351614
v -0.00247536622919142 -0.012462486512959 0.000263556139543653
v  0.00451392773538828 -0.0271899532526731 -0.000104058301076293
v   0.0124814296141267 -0.04116315767169 -0.0104190073907375
v -0.00468705501407385 -0.0219827722758055 -0.00616053957492113
v  0.00203350465744734 -0.0184527765959501 -0.00229534110985696
v -0.00434077437967062 -0.0292199999094009 -0.00605707941576838
v 0.000428026134613901 -0.0135582704097033 7.09668893250637e-05
v 0.000843278947286308 -0.0113298054784536 0.00108178448863328
v -0.00356020196340978 -0.00618768250569701 0.000449406885309145
v -0.00938041973859072 0.0010815296554938 0.000198189882212318
v -0.00846876669675112 -0.00198366353288293 0.000137550639919937
v -0.00554056186228991 0.00114209880121052 -0.00380059494636953
v  -0.0223211925476789 -0.0022748454939574 -0.035030160099268
v  0.00495167076587677 -0.000206249213078991 0.00618106359615922
v -0.00682139908894897 0.00216218689456582 -0.0020286520011723
v  -0.0393730737268925 -0.0219752602279186 -0.000295722798909992
v  -0.0214014612138271 0.00808579567819834 -0.0112894456833601
v -0.00540093565359712 -0.0143013764172792 0.0296671018004417
v -0.00475968094542623 -0.000987530569545925 0.00242993701249361
v  -0.0165205039083958 -0.00724743399769068 0.0114345625042915
v  -0.0475494302809238 0.000423428660724312 0.0194155853241682
v   -0.216345965862274 -0.0564015842974186 -0.17304602265358
v  -0.0399915091693401 0.0724849253892899 0.0888645276427269
v  -0.0364153273403645 -0.00727510033175349 -0.0172268468886614
v   -0.111825987696648 -0.183138728141785 0.317698001861572
v    -0.13048267364502 0.0632162168622017 -0.116767913103104
v   -0.211552500724792 0.0142551250755787 -0.0700309574604034
v   -0.514808535575867 -0.0521836131811142 -0.620082557201385
v   -0.165819197893143 0.0487842969596386 -0.0255482941865921
v  -0.0942424163222313 0.0095452144742012 -0.0344164706766605
v   -0.028282955288887 -0.00322890118695796 -0.0196526050567627
v   -0.112767592072487 0.0256034769117832 0.0363972522318363
v  -0.0597718507051468 -0.101566635072231 0.00750452326610684
v   -0.178947314620018 0.187689945101738 0.200287789106369
v  -0.0828022956848145 0.229359820485115 0.0335347130894661
v  -0.0107985669746995 0.0655316263437271 0.147213876247406
v -0.00450527854263783 0.0352264270186424 0.165009841322899
v  -0.0685185790061951 0.0560327991843224 0.217715069651604
v  -0.0279115438461304 0.0269816722720861 0.124627955257893
v   0.0182862430810928 -0.046505331993103 -0.0724577829241753
v   0.0281774252653122 -0.00799444317817688 -0.0596359074115753
v    0.122139647603035 0.1381596326828 -0.827949464321136
v    0.020760677754879 0.11617785692215 -0.895378947257996
v  -0.0787091553211212 0.0959233194589615 -0.725124537944794
v   -0.181648179888725 -0.0684404373168945 -0.326804935932159
v   -0.110478833317757 0.427987098693848 1.92539668083191
v   0.0814613103866577 0.358847260475159 1.16036379337311
v    0.571650207042694 0.00502878427505493 -0.602754414081573
v    0.198522344231606 0.0427471585571766 -0.534098863601685
v   -0.247683361172676 0.131844535470009 -0.908433020114899
v  -0.0388901717960835 0.117432110011578 -0.186102464795113
v  -0.0108173182234168 0.181731447577477 -0.0604130141437054
v  -0.0297285504639149 0.0679768696427345 0.0244101881980896
v   0.0107254218310118 -0.013568602502346 0.00620419345796108
v   0.0367114134132862 0.118755578994751 -0.0619725622236729
v    0.341585606336594 0.128015339374542 0.181384801864624
v    0.506851494312286 0.199276372790337 0.223102122545242
v  -0.0871328711509705 0.106166318058968 0.006743174046278
v     0.16909584403038 0.189418539404869 0.490932822227478
v   -0.120339781045914 -0.00363446935079992 -0.0696474388241768
v 0.000730265106540173 0.00828206725418568 0.00694310618564487
v -0.000576623540837318 0.0152982836589217 -0.0128183988854289
v -0.00301719247363508 0.0122899925336242 -0.00741082429885864
v 0.000834615027997643 -0.00503345299512148 0.00364162749610841
v -0.00889470428228378 0.0694493055343628 -0.0417963638901711
v   0.0337732955813408 -0.00535164540633559 -0.0225687697529793
v    0.153911396861076 -0.122090011835098 -0.193700790405273
v -0.00553228100761771 -0.0677522495388985 -0.0141367185860872
v  0.00160717684775591 -0.0370531901717186 -0.0216036532074213
v -0.00191511656157672 -0.0117881670594215 0.0031644026748836
v   0.0409249141812325 0.0616016238927841 -0.00614955043420196
v   -0.195614665746689 -0.312848538160324 -0.572684347629547
v  -0.0137042896822095 0.0697693973779678 -0.0350678749382496
v  -0.0067297862842679 -0.00618175556883216 0.0210098121315241
v  -0.0466476194560528 -0.0324058830738068 0.00679271901026368
v  -0.0100266123190522 0.0449463948607445 -0.0204238630831242
v    0.010349478572607 0.0120250163599849 0.00603238865733147
v -0.00348978932015598 0.00237974850460887 -0.00637244805693626
v  0.00397181324660778 0.0015474958345294 0.030651181936264
v -0.00228453916497529 0.0158111620694399 -0.0087914764881134
v -0.000408769294153899 0.00441755726933479 -0.00253098830580711
v  0.00268866261467338 0.00528424279764295 -0.0065775471739471
v -0.00555618712678552 -0.00835849717259407 0.00754297664389014
v   0.0850787833333015 -0.04176851734519 0.0418621748685837
v   -0.020792730152607 0.310685634613037 -0.0823930352926254
v  0.00575152598321438 -0.00920108892023563 -0.00458619510754943
v   0.0383151806890965 -0.0482259877026081 -0.0413288064301014
v   0.0604367814958096 0.0120622217655182 -0.00741273211315274
v     0.13159716129303 -0.103128179907799 0.156573459506035
v  0.00795403495430946 -0.0174678415060043 -0.0224793776869774
v -0.00504625169560313 -0.000738160451874137 0.0115534774959087
v  0.00772949075326324 -0.013103760778904 0.0759485960006714
v  -0.0166088715195656 -0.0314736291766167 0.00941147934645414
v  0.00116117054130882 0.0145673686638474 -0.0121988141909242
v  -0.0101722320541739 0.0019506640965119 -0.00700645986944437
v 0.000936951953917742 -0.00236872653476894 0.000212816696148366
v -0.00322582037188113 -0.00428806338459253 -0.0236198529601097
v  0.00748563092201948 -0.0346864983439445 0.0379787907004356
v -0.00577861489728093 0.0420647375285625 -0.00550704868510365
v   0.0616183020174503 -0.00317732826806605 0.0149706611409783
v   0.0539851076900959 0.0326044261455536 0.018548795953393
v   0.0185711979866028 0.276253163814545 -0.578753650188446
v   -0.342989325523376 0.180373206734657 0.00492748944088817
v  -0.0623838305473328 -0.0211151856929064 -0.058977872133255
v    0.117295920848846 0.166908159852028 -0.00941545609384775
v  -0.0647716522216797 -0.0198545847088099 -0.0558088794350624
v   -0.563896238803864 0.0405619740486145 0.256919384002686
v   0.0545875281095505 0.0593302622437477 -0.105486802756786
v -0.00441433815285563 0.13621623814106 -0.12203324586153
v  -0.0473933555185795 0.0537930615246296 0.0210272166877985
v  -0.0279245059937239 -0.0902581363916397 0.0846195444464684
v  -0.0948991402983665 -0.0102947894483805 0.0895921811461449
v   0.0269778426736593 0.0443025194108486 -0.106014810502529
v  -0.0253874398767948 0.0019552621524781 0.171589732170105
v  -0.0138262119144201 0.0063594882376492 0.039527915418148
v    0.034846555441618 0.0397065654397011 -0.0217923764139414
v  -0.0030710359569639 -0.0259607788175344 0.00265488214790821
v -0.00308406376279891 0.000549456803128123 -0.00167317886371166
v  -0.0258196145296097 -0.00152607727795839 0.0153257874771953
v  0.00320863095112145 0.00056310452055186 0.000417363422457129
v  0.00702807120978832 0.00732336239889264 0.0146139394491911
v -0.00882913917303085 -0.00411974499002099 -0.0105197336524725
v   0.0025929999537766 -0.0254591796547174 0.0141738811507821
v  0.00102120521478355 0.00126851303502917 0.0016944179078564
v 0.000261396809946746 -0.0180598720908165 0.00934137403964996
v -0.00229222071357071 -0.00248433346860111 -0.000906611443497241
v 0.000648252607788891 -0.0025465355720371 -0.00680224457755685
v   0.0019866325892508 -0.0102517772465944 0.00298239383846521
v -0.00411367416381836 0.0167509336024523 -0.0105722304433584
v  0.00126776925753802 0.00372691266238689 0.00323837040923536
v  -0.0064792544580996 -0.000290505355224013 -0.00500105367973447
v   -0.200926303863525 0.0079691968858242 0.278355568647385
v   0.0264767613261938 0.0281471740454435 -0.153923913836479
v    0.031005309894681 0.0622452795505524 -0.0556744784116745
v  0.00957904104143381 -0.00486310292035341 0.00740651460364461
v   0.0478258617222309 -0.00175351859070361 -0.00821889936923981
v   -0.133477672934532 0.0637331679463387 -0.109806180000305
v  -0.0540586821734905 0.101567752659321 -0.388990044593811
v  -0.0480963028967381 0.0401594638824463 -0.141168490052223
v   0.0805919393897057 -0.01805186457932 -0.054042462259531
v  -0.0188810843974352 0.0428787842392921 0.00288117094896734
v  -0.0734997466206551 -0.044350054115057 0.104542203247547
v  -0.0593095347285271 -0.148431479930878 -0.0943972766399384
v   0.0707221105694771 -0.113824784755707 0.00719461916014552
v -0.00295241852290928 -0.0579934008419514 0.0292364098131657
v -0.00404195580631495 0.000779485329985619 -0.00217493902891874
v  0.00354919931851327 0.00417840899899602 -0.000410475913668051
v -0.00186741328798234 -0.000240904570091516 -0.00821514241397381
v  0.00889434292912483 -0.00634469510987401 -0.0120419906452298
v  -0.0116957351565361 -0.00116403447464108 -0.00957909040153027
v  -0.0038398657925427 0.00595984747633338 -0.00892996974289417
v -0.00246105715632439 0.00020131426572334 0.002445372287184
v -0.00497647048905492 -0.0299489907920361 0.00225663371384144
v  -0.0112439431250095 -0.0405875891447067 -0.00731434766203165
v  -0.0129312658682466 -0.00325559009797871 -0.00851899851113558
v  0.00751980487257242 0.00837857834994793 0.00827276613563299
v  0.00398841872811317 0.0224584341049194 0.0128685515373945
v  0.00486747268587351 -0.00532653974369168 -0.0106206713244319
v  0.00131778477225453 -0.0850134119391441 0.0297276638448238
v  0.00165567710064352 0.00104317907243967 -0.00324034015648067
v    0.024946266785264 -0.0252859890460968 -0.0111271357163787
v -0.000946083280723542 0.0077012381516397 0.00661710184067488
v    0.013626585714519 0.029763363301754 0.0180318262428045
v    0.127984687685966 0.0307804681360722 -0.015755133703351
v  -0.0371717996895313 0.030272027477622 -0.151423156261444
v  0.00839372351765633 0.247899875044823 0.721657812595367
v   0.0312285497784615 -0.043000552803278 0.0205409675836563
v   0.0810394138097763 0.1212023422122 -0.551583588123322
v   -0.176247298717499 0.00634292745962739 -0.406064927577972
v  0.00146892841439694 0.112885370850563 -0.370702832937241
v   -0.228321552276611 -0.0630271285772324 -0.178765088319778
v  0.00797100644558668 0.0439791083335876 -0.0406422689557076
v   0.0207272730767727 0.021215483546257 0.0878413543105125
v    0.132364526391029 0.0179569534957409 -0.0720372572541237
v   0.0653802007436752 -0.0388799794018269 0.126018390059471
v  -0.0306890923529863 -0.0536636710166931 -0.168993249535561
v  -0.0147398067638278 -0.0226940289139748 -0.0534085966646671
v  -0.0457224659621716 0.0609926544129848 -0.0123169962316751
v -0.000914269825443625 -0.000733743829187006 0.000982144381850958
v -0.00147659541107714 0.00971731636673212 -0.0207813158631325
v -0.00145216542296112 0.00136829586699605 0.000940914789680392
v   -0.001300128409639 0.000833035272080451 -0.000264919886831194
v    0.001704434864223 0.00383654213510454 0.000613143318332732
v  -0.0130949653685093 -0.00807559210807085 0.0184245128184557
v    0.016053069382906 0.00293536367826164 0.0206128265708685
v  0.00718266516923904 -0.00302559323608875 0.00744086410850286
v  -0.0209776256233454 0.00302571058273315 -0.0628885105252266
v  0.00261478521861136 -0.00847525428980589 0.00230541476048529
v -0.000366746127838269 -0.00867935456335545 0.0049218675121665
v -0.00583760999143124 0.00986206252127886 -0.00944630336016417
v -0.00670192297548056 -0.00195222022011876 -0.00558969657868147
v -0.00421768333762884 0.00540732592344284 -0.0054869968444109
v -0.000889168004505336 0.00607462227344513 -0.0114656994119287
v    0.175601750612259 0.0532701872289181 -0.229989901185036
v    0.183436438441277 -0.025524104014039 0.425670772790909
v   -0.100201465189457 0.0409828089177608 -0.635152816772461
v  -0.0493332147598267 -0.00662689143791795 -0.00450788764283061
v  0.00819135271012783 0.0654027462005615 0.0726596117019653
v   0.0117689492180943 -0.0458372049033642 0.0335948392748833
v   0.0112932687625289 0.017597209662199 -0.116183899343014
v   0.0586249977350235 -0.0774882361292839 -0.0415716469287872
v  -0.0351581461727619 0.00982091389596462 -0.00305313523858786
v   0.0583209618926048 0.123833887279034 0.125108197331429
v   0.0221161898225546 0.0242584608495235 0.0316858068108559
v -0.00320096826180816 0.00669577345252037 0.0241312887519598
v  -0.0213865488767624 0.0498933643102646 -0.106957525014877
v  -0.0188306402415037 0.0460841171443462 0.00111294537782669
v   -0.102040983736515 0.00181873189285398 0.0278578959405422
v   -0.115610972046852 0.127105504274368 -0.146149650216103
v   0.0208693109452724 -0.0227057505398989 0.0356163308024406
v -0.00426266901195049 -0.00557503150776029 -0.00876104086637497
v  -0.0153672946617007 0.00811630021780729 0.011125460267067
v  0.00237458315677941 -0.000622351130004972 -0.00126457586884499
v  -0.0141703272238374 0.0365014635026455 0.0132326660677791
v -0.00460381433367729 7.27968217688613e-05 -0.00352583732455969
v  -0.0148921515792608 0.101072870194912 0.0664474442601204
v -0.00277239084243774 0.00530764181166887 0.00245896051637828
v  0.00112776027526706 0.0311938431113958 0.0107937073335052
v   0.0100549217313528 0.00473523838445544 0.00964757893234491
v  -0.0104516316205263 0.00890128687024117 -0.00874768290668726
v -0.000153095388668589 -0.0065895807929337 -0.00218433258123696
v  0.00216896086931229 -0.0158602930605412 -0.0145120285451412
v  0.00454127183184028 0.00341736129485071 0.000956072006374598
v  -0.0454177148640156 0.0150206880643964 -0.0512335300445557
v -0.00447549810633063 -0.0808690562844276 0.028777563944459
v   0.0707990080118179 0.0110906921327114 -0.00774187175557017
v -0.00912932213395834 -0.0182570815086365 -0.0144469598308206
v   0.0983007177710533 -0.115922853350639 -0.0019133216701448
v    0.107546761631966 -0.0973268896341324 0.0207161754369736
v  -0.0342068858444691 -0.00249005830846727 -0.179445430636406
v   0.0337814390659332 -0.0386002361774445 -0.039236031472683
v    0.331229954957962 0.180633142590523 0.417576283216476
v  0.00947343837469816 0.064898356795311 0.0187802817672491
v  -0.0684188902378082 -0.047092892229557 -0.0932850316166878
v   0.0225292351096869 0.159072801470757 0.2562615275383
v    0.292592763900757 0.23509207367897 0.438886016607285
v  0.00659576430916786 0.0855162218213081 0.00410404242575169
v   0.0202106814831495 0.0142128812149167 0.0164206083863974
v  0.00915345083922148 -0.0727700293064117 -0.055549681186676
v   -0.103099413216114 0.0419128425419331 -0.0239098537713289
v  -0.0543826930224895 0.0345964469015598 0.00327096553519368
v  0.00470081949606538 0.0472108535468578 -0.0215551555156708
v   0.0358922928571701 -0.0431019254028797 -0.0200137384235859
v   -0.747395157814026 0.415490061044693 0.821155428886414
v   -0.014975668862462 -0.0199225042015314 0.00689527997747064
v -0.000726594240404665 0.0522752143442631 0.00248112645931542
v    0.113852821290493 0.293242156505585 -0.125146791338921
v  0.00478734727948904 -0.00782501231878996 -0.0158297922462225
v  -0.0124348923563957 -0.046444796025753 -0.0488896183669567
v     -0.2931227684021 0.155071869492531 -0.138631746172905
v   0.0731886401772499 0.144478067755699 0.152165174484253
v   0.0623294785618782 -0.254405170679092 0.130435019731522
v   0.0480386838316917 0.193666785955429 0.347172737121582
v   0.0310594961047173 -0.1222939863801 0.178867444396019
v  0.00231862254440784 0.069931223988533 -0.0673293471336365
v   -0.016820190474391 0.00102489569690078 -0.00744974799454212
v -0.00811021123081446 0.035800751298666 -0.0073348693549633
v   0.0935093313455582 -0.012835031375289 -0.0191019717603922
v   0.0596063956618309 0.0416162833571434 -0.128310203552246
v 0.000199176429305226 -0.0194618292152882 0.146532893180847
v -0.00408204831182957 0.0237321425229311 -0.103607095777988
v    -0.10552404075861 0.0465365089476109 -0.0220097079873085
v  -0.0224011167883873 0.00201673922128975 -0.0679347962141037
v    0.138522416353226 0.0814061239361763 0.0145104750990868
v    0.106971606612206 -0.220211073756218 -0.260370671749115
v  -0.0279838517308235 0.110631428658962 0.131457939743996
v -0.00204294873401523 -0.000748553895391524 -0.00261116866022348
v 0.000214330473681912 -0.000635757984127849 -0.00301681831479073
v -0.000337512698024511 0.00345311569981277 -0.000825563794933259
v  -0.0268466286361217 0.00520805502310395 -0.0182697884738445
v   0.0302558802068233 0.0101267658174038 -0.0258092023432255
v  -0.0206521134823561 0.0185230933129787 0.0147678554058075
v -0.00138111389242113 0.00118965841829777 0.00152164907194674
v -0.00321488711051643 -0.00653802044689655 0.00433896807953715
v   0.0032413974404335 0.00504385959357023 -0.000606064510066062
v  0.00271145324222744 -0.00115357292816043 -0.00211097043938935
v -0.000947700755205005 -0.000423958292230964 -0.000939688179641962
v  0.00133693194948137 -0.00188357220031321 -0.00694126961752772
v  0.00243580201640725 -0.00171293900348246 0.00377866928465664
v  -0.0092719653621316 0.00697913160547614 -0.00703116040676832
v  -0.0125195598229766 0.00479700369760394 0.00138984411023557
v   -0.015151740051806 -0.00242730183526874 -0.000995829119347036
v   0.0125141656026244 0.000504837080370635 0.00800765864551067
v -0.00612351996824145 -0.00804608315229416 0.0357784815132618
v  -0.0057995617389679 0.0299569834023714 -0.00883232895284891
v  0.00120487646199763 -0.00801336392760277 0.00277682649902999
v -0.000517296371981502 0.00206586462445557 -0.000468146259663627
v  0.00371171347796917 -0.000563666399102658 -0.00383686646819115
v    0.005708665587008 0.0108211478218436 -0.00654250150546432
v    0.131844386458397 0.252597987651825 -0.00488845305517316
v   0.0176275763660669 -0.0175496023148298 0.0100595774129033
v  -0.0537822619080544 0.133602544665337 0.0489511936903
v  -0.0416017509996891 -0.270340472459793 0.188663899898529
v   0.0172043386846781 0.0467063300311565 0.158621400594711
v   -0.238254696130753 -0.0197606272995472 0.270895183086395
v   -0.037301417440176 -0.11619908362627 0.222358226776123
v    0.128548294305801 0.37672883272171 -0.243766620755196
v   -0.047359149903059 -0.0207791719585657 -0.0902060121297836
v  -0.0132749900221825 -0.0196551065891981 0.0743851363658905
v   0.0700686201453209 -0.446406185626984 0.36418017745018
v   -0.162939608097076 0.0672839134931564 0.321937054395676
v  -0.0262859407812357 -0.0148804178461432 -0.0037567091640085
v  -0.0866711288690567 -0.0318581536412239 0.0159844215959311
v   -0.105914153158665 0.00408609351143241 -0.12791995704174
v   0.0173343904316425 0.0150792645290494 0.181775391101837
v  -0.0619043223559856 0.0191677156835794 -0.0776641294360161
v    0.108627878129482 0.0057317060418427 0.0143164927139878
v   0.0278144422918558 -0.0367297753691673 -0.18438746035099
v   0.0623399838805199 -0.233372077345848 0.126216888427734
v  -0.0470237247645855 0.0162199512124062 0.144353240728378
v   -0.041211411356926 0.0903360173106194 0.189983263611794
v  -0.0279162880033255 0.00210726074874401 -0.149895951151848
v  -0.0637337490916252 -0.0686666965484619 0.131732597947121
v  -0.0207334738224745 -0.0386443398892879 -0.0333013869822025
v   0.0217958576977253 -0.0282814912497997 0.0177465882152319
v -0.00877606868743896 0.0175780635327101 0.164563998579979
v   0.0094402339309454 0.0132974488660693 -0.00565025024116039
v   0.0126071628183126 -0.00238910061307251 0.00367465824820101
v  -0.0213526170700788 -0.121334724128246 0.0565097406506538
v   0.0128048453480005 0.0103635573759675 -0.000743173703085631
v   0.0699890479445457 0.0194050148129463 0.0223625637590885
v    0.182021483778954 0.0745495706796646 -0.000765627191867679
v  -0.0354642570018768 -0.183440357446671 0.335899472236633
v   0.0588863417506218 0.184281498193741 0.134104266762733
v    0.020414674654603 0.0067402021959424 -0.016847375780344
v -0.000675720744766295 -0.0185658503323793 -0.0176081322133541
v   0.0729971379041672 -0.175044596195221 0.261433184146881
v     0.16439950466156 0.100055374205112 0.141469016671181
v  -0.0916353687644005 -0.0660060048103333 -0.157256081700325
v   0.0269481558352709 -0.0558084920048714 0.0461084730923176
v -0.00168614950962365 0.00370322330854833 -0.00978786963969469
v   -0.054814588278532 0.00622330140322447 -0.132033750414848
v  -0.0567808449268341 -0.0114462058991194 -0.0368888452649117
v -0.00228571915067732 -0.00776892434805632 0.0113045452162623
v  -0.0259313620626926 0.0206764657050371 0.00475026806816459
v    0.168318822979927 0.0844655707478523 0.0573496632277966
v  0.00742121832445264 -0.020492410287261 0.012779837474227
v -0.00758174899965525 -0.0027788751758635 -0.00726170046254992
v -0.00661859475076199 -0.00631071953102946 -0.0301344655454159
v  0.00920876767486334 0.00665090093389153 0.0519617274403572
v   0.0365259014070034 0.0133650433272123 0.0265963170677423
v -0.00893412344157696 0.00681567471474409 0.00749284774065018
v -0.00104446127079427 -0.010112589225173 0.0295005310326815
v  0.00256845285184681 0.00611550733447075 -0.0171557981520891
v  0.00761088635772467 -0.00384587189182639 -0.00171854428481311
v  -0.0103319641202688 0.00584989413619041 -0.00843746587634087
v  -0.0043970663100481 0.0130368890240788 0.00369945960119367
v   0.0132869593799114 -0.0739279463887215 -0.0702710077166557
v -0.00331444852054119 0.0723965391516685 0.026381466537714
v     0.00894127599895 -0.000972326728515327 -0.0162042379379272
v -9.10662492970005e-05 0.000534460414201021 -0.00166465248912573
v  0.00359994824975729 -0.0292147006839514 -0.0100211780518293
v -0.000618847727309912 0.00755399605259299 0.00249275332316756
v   0.0140593880787492 0.0285795349627733 0.00102515029720962
v 0.000307751120999455 -0.00164307246450335 -0.00782146770507097
v -0.00753098446875811 0.02100252173841 -0.110742561519146
v   0.0011888676090166 0.00661032553762197 0.00807863660156727
v  -0.0263832006603479 0.019436614587903 -0.00140834366902709
v  -0.0145716955885291 5.98578844801523e-06 -0.00160237809177488
v   -0.236030176281929 -0.0236797574907541 -0.0913049578666687
v -0.00876388046890497 -0.0416784137487411 0.0206937342882156
v -0.00211215764284134 0.059573270380497 0.0636615231633186
v -0.00793008506298065 0.0382314585149288 0.0411032848060131
v   0.0179569590836763 -0.0332844816148281 -0.0262026730924845
v   0.0329466089606285 0.0606412626802921 -0.0522101894021034
v    0.161461308598518 0.381973087787628 0.470324903726578
v   0.0759877189993858 0.011048742569983 0.0101214665919542
v    0.200523793697357 -0.390434443950653 -0.369469374418259
v   0.0142928492277861 -0.161254435777664 -0.101323708891869
v 0.000539176689926535 0.0006489401566796 6.21906074229628e-05
v  0.00183259835466743 0.00100608298089355 -0.00138162611983716
v  0.00227312790229917 0.000709102547261864 -0.000673970847856253
v -0.000516364525537938 -0.00303319189697504 -0.000508372439071536
v -0.00233288574963808 -0.00161824526730925 -0.00128963135648519
v 0.000900570943485945 0.00541233271360397 0.00113899959251285
v  0.00640422245487571 0.00423205737024546 0.00341205182485282
v   0.0412857905030251 0.0302899181842804 0.0208387728780508
v -0.00152948452159762 0.006176533177495 -0.0152566628530622
v -0.000424651894718409 -0.03304198756814 0.0271462425589561
v   0.0152137102559209 -0.0133576150983572 0.0100892670452595
v -0.00708857411518693 -0.00913519877940416 -0.00669762166216969
v -0.00115817051846534 0.00638971896842122 -0.00319728371687233
v  0.00241267331875861 -0.000200458991457708 -0.00127937959041446
v   0.0010794026311487 -0.00297102658078074 0.00111035525333136
v  -0.0255518034100533 -0.0100855529308319 0.00947351567447186
v   0.0277571342885494 0.000482961855595931 -0.0110501302406192
v  -0.0292187072336674 -0.00978681445121765 0.0129108540713787
v  0.00174838246311992 0.00672282744199038 -0.00484201777726412
v  -0.0169498715549707 0.0366665385663509 -0.00891339778900146
v -0.00693262927234173 -0.0561098083853722 0.0201377794146538
v  -0.0154527919366956 -0.0395874232053757 0.0227780509740114
v   0.0246277824044228 0.0109842205420136 -0.0226584002375603
v   0.0101854726672173 0.0525825992226601 -0.0180246513336897
v    0.009925477206707 0.0401852391660213 -0.00545976171270013
v  0.00643450440838933 -0.019940510392189 -0.00312020629644394
v   0.0192966815084219 0.0241040978580713 -0.0206654332578182
v -0.00501470454037189 0.0207094755023718 -0.00168641959317029
v -0.00900391396135092 0.00444191321730614 -0.0036638870369643
v   0.0122544849291444 0.0146244401112199 -0.00780361564829946
v  0.00143380800727755 0.0112891839817166 -0.00653082365170121
v  0.00867149885743856 0.00566987926140428 -0.00702537689357996
v -0.00677336007356644 0.0495048314332962 -0.00931309536099434
v -0.000991153297945857 0.00598138617351651 0.00548071134835482
v -0.00362589373253286 -0.00253530242480338 0.00480152992531657
v 0.000938002252951264 -0.00178360682912171 0.00179839739575982
v  0.00448357220739126 0.00595668470486999 -0.00436295149847865
v -0.00224718288518488 -0.00250863982364535 0.0031645754352212
v -0.00358508457429707 -0.0331681556999683 0.0108517101034522
v -0.00171724753454328 0.00273667252622545 -0.00140881410334259
v 0.000134332382003777 0.000414479960454628 -0.0010541930096224
v  0.00162542890757322 0.00463218009099364 -0.00228230399079621
v   0.0152591299265623 -0.00660694390535355 0.012208747677505
v -0.000552135403268039 0.000452734704595059 0.0542367361485958
v -0.00235388311557472 -0.0014747844543308 0.00503328023478389
v  -0.0040854774415493 0.00630826270207763 -0.0190621148794889
v -0.00471798563376069 -0.00726957526057959 0.0246989540755749
v  0.00150906364433467 -0.00665165344253182 0.0167031735181808
v -0.000505786447320133 0.0192391406744719 -0.0132080977782607
v -0.00342380022630095 -0.00146586343180388 -0.00294898473657668
v   -0.011059308424592 0.0069546103477478 -0.0055611552670598
v   0.0110210571438074 0.00127898319624364 0.00414695544168353
v  -0.0110823418945074 -0.00175359728746116 -0.0165454559028149
v   0.0291281342506409 0.0475353486835957 -0.0959813669323921
v -0.00578315183520317 0.00837190914899111 -0.0248434264212847
v  0.00555200409144163 0.0535084456205368 0.00108756590634584
v    0.133105427026749 0.0412421151995659 -0.0616622418165207
v  -0.0520594641566277 0.0801583379507065 -0.0384751185774803
v   0.0153898522257805 -0.00190325942821801 -5.53135760128498e-05
v -0.00720739969983697 -0.0136862033978105 0.00238898210227489
v  -0.0340065881609917 0.0345180220901966 -0.0215571187436581
v -0.00341715221293271 0.0143573321402073 -0.0012169451219961
v    0.020109748467803 0.0276858545839787 -0.257787585258484
v   0.0367962829768658 -0.106042265892029 0.116672351956367
v   0.0101691344752908 0.0351785197854042 -0.0840386375784874
v  0.00857845041900873 -0.0640173479914665 0.0891037285327911
v   0.0148242497816682 -0.164529696106911 -0.0684654489159584
v   0.0703755170106888 -0.0756190195679665 0.150247678160667
v -0.00532525451853871 -0.0351365692913532 0.0346478298306465
v   -0.023340854793787 -0.0021649869158864 0.0204845275729895
v  0.00617377180606127 0.00602377485483885 0.0156484376639128
v   0.0201151054352522 -0.00666954508051276 -0.00372729077935219
v  0.00906709488481283 -0.0082938214763999 0.000305038818623871
v    0.010010477155447 -0.000898940023034811 -0.00499186664819717
v  -0.0123613635078073 0.253712147474289 -0.0218365527689457
v    0.192091837525368 -0.0975103080272675 0.276808261871338
v    0.257542908191681 0.000477355206385255 0.292145133018494
v   0.0851264297962189 0.160934805870056 0.170527577400208
v  -0.0105220507830381 0.0233766045421362 -0.00752556882798672
v -0.00926254689693451 0.0052576707676053 -0.0360655821859837
v  -0.0339817963540554 0.0193338133394718 0.0184283535927534
v    0.014356741681695 0.00860447809100151 0.00269996398128569
v   0.0298995412886143 0.00922970939427614 -0.0267072655260563
v -0.00595557410269976 -0.0689701735973358 0.18387246131897
v -0.00276156817562878 -0.00301275867968798 -0.00317402137443423
v  -0.0275378599762917 0.187892332673073 -0.280442327260971
v  -0.0659089535474777 -0.00799231696873903 -0.0255965441465378
v    0.075019396841526 0.0200513694435358 0.0429589115083218
v -0.00101405335590243 0.00931575987488031 0.0137001629918814
v   0.0389732755720615 -0.049755435436964 -0.0567826181650162
v  -0.0177415944635868 0.00368216424249113 -0.0104801142588258
v   0.0269575286656618 0.00835330877453089 0.0105737820267677
v  0.00922723487019539 0.00221570581197739 -0.0103133535012603
v -0.00733025884255767 -0.00584606267511845 -0.119930058717728
v  0.00958100520074368 -0.0239327922463417 -0.00848276726901531
v   0.0682514384388924 0.0381543077528477 -0.082385241985321
v   0.0436059534549713 0.0549904964864254 -0.121600687503815
v  -0.0120042748749256 -0.00136332004331052 0.0060847788117826
v   0.0384660214185715 0.0145513713359833 -0.213828384876251
v   0.0304268077015877 0.0127905812114477 0.0719359144568443
v -0.00854532141238451 0.0299301855266094 0.072896733880043
v   0.0264985822141171 0.00324488361366093 0.0112918978556991
v   0.0286711379885674 0.0182896926999092 0.0379432626068592
v -0.000498842797242105 -0.0206388048827648 0.0122045353055
v  -0.0287333074957132 -0.00229649990797043 0.0388397239148617
v  -0.0106667866930366 -0.00819220207631588 -0.0416695922613144
v  0.00157878210302442 -0.027497909963131 0.0109397461637855
v  0.00496785389259458 0.00656408537179232 0.0543535202741623
v   0.0115115307271481 0.00948289502412081 0.0717174708843231
v   0.0149228181689978 0.00719638587906957 0.0310367513448
v   0.0094145480543375 0.00608404027298093 0.0555674657225609
v   0.0032594942022115 -0.00915552768856287 0.013741890899837
v    0.010878399014473 -0.0183219034224749 0.0195416938513517
v  -0.0114168114960194 -0.00167905853595585 0.00974858272820711
v   -0.020629009231925 -0.00182733510155231 0.0195438489317894
v -0.00379370339214802 1.2853997759521e-05 -0.0143532771617174
v  -0.0427123233675957 0.00439016986638308 -0.0121210562065244
v  -0.0226644985377789 0.0257329884916544 0.0982049331068993
v -0.00494081620126963 -0.014205782674253 -0.0524060614407063
v -0.00521750608459115 0.01141925342381 -0.111712284386158
v   0.0126227047294378 0.00126595748588443 -0.026940343901515
v   0.0198045000433922 -0.0141535494476557 -0.0332260057330132
v    0.006754947360605 -0.0116877295076847 0.0237493105232716
v  -0.0107451882213354 0.00684981141239405 0.00491398014128208
v  -0.0100012449547648 0.0101263569667935 -0.000317005848046392
v  -0.0129899848252535 0.0284598805010319 -0.0102786654606462
v  -0.0284362528473139 -0.0166859962046146 0.0678553357720375
v  -0.0103284725919366 -0.000640413723886013 -0.000751253042835742
v   0.0122208446264267 0.00162663962692022 0.0255227964371443
v -0.00724479183554649 0.0453442893922329 0.00274753570556641
v -0.000220448724576272 -0.0100859478116035 0.0211155861616135
v  -0.0013434971915558 -0.00945226289331913 -0.00964302569627762
v    0.012589224614203 0.00637874938547611 0.000969630898907781
v -0.000446339370682836 -0.00150984909851104 -0.00279993726871908
v  -0.0130362706258893 -0.000229582306928933 -0.00872256234288216
v -0.00477838143706322 -0.0085682850331068 0.0148063357919455
v  0.00369191751815379 -0.00724969618022442 0.00315561052411795
v  -0.0146305300295353 0.00221164943650365 -0.0145009085536003
v -0.000156513735419139 0.00324160465970635 -0.0101720206439495
v  0.00370274344459176 0.00443240720778704 0.00038342026527971
v  0.00057925668079406 0.00276115327142179 -0.00166520872153342
v -0.000378279946744442 0.00766107439994812 -0.00662000197917223
v  0.00778352562338114 -0.0546065159142017 -0.0276961661875248
v  0.00117948953993618 -0.000385462248232216 -0.00140152673702687
v 0.000949489418417215 0.000424881029175594 -0.0063673323020339
v 0.000157519578351639 -0.00318103819154203 -0.0076019586995244
v 0.000540707551408559 -0.0152766406536102 -0.00508110737428069
v -0.00505973258987069 0.00117739278357476 0.000148539897054434
v -0.000941791746299714 -0.00430504092946649 -0.014455197378993
v  -0.0031196519266814 -0.000304337707348168 -0.00276723294518888
v  0.00297970231622458 -0.00155813072342426 -0.00864049047231674
v -0.00150230270810425 -0.00244540977291763 -0.00111702387221158
v -0.00368361757136881 0.00381023134104908 0.0015503375325352
v   -0.012522698380053 0.0380401350557804 -0.012035503052175
v   0.0161720868200064 -0.0324254110455513 -0.0224877204746008
v  -0.0101619632914662 -0.00896228943020105 0.0341689139604568
v   0.0392032079398632 -0.0248510260134935 0.0538439154624939
v  -0.0192876923829317 0.00140354305040091 -0.00648087495937943
v -0.000762882526032627 -0.028314596042037 -0.00396959949284792
v  0.00825907569378614 0.0631118789315224 0.0531650930643082
v   0.0994733572006226 0.0390657857060432 -0.0499435476958752
v   0.0129336044192314 0.04698246717453 0.0225069727748632
v    0.064765602350235 -0.0292273815721273 -0.0307992063462734
v   0.0381817147135735 -0.00609323848038912 -0.0455447621643543
v -0.00569675443693995 0.0245796982198954 -0.0140299759805202
v  0.00627943361178041 -0.0611162073910236 0.0180041454732418
v  -0.0472137480974197 0.00434593437239528 -0.0117149017751217
v  -0.0281297825276852 0.0304092820733786 -0.0433093756437302
v  -0.0243460834026337 -0.0678707286715508 0.0889584496617317
v   0.0621758997440338 -0.0653518736362457 0.00703852809965611
v  -0.0766879543662071 -0.0198062378913164 0.0400114171206951
v   0.0777588859200478 0.0169952362775803 -0.0133178178220987
v  -0.0541219860315323 -0.01185043156147 0.135867014527321
v -0.00605186959728599 -0.00764599209651351 -0.0034116234164685
v -0.00311004044488072 -0.0240287706255913 0.16631743311882
v   0.0213830266147852 0.0219400674104691 0.0606821365654469
v -0.00592135731130838 0.0981685221195221 -0.0095898462459445
v   0.0306436978280544 0.0985048115253448 0.103589572012424
v  -0.0789721235632896 -0.09908826649189 -0.116279907524586
v  -0.0261001344770193 -0.0300377085804939 0.00688757980242372
v  -0.0168403312563896 -0.00193622801452875 -0.00904314406216145
v  -0.0186017323285341 -0.0452985800802708 -0.00541224936023355
v  -0.0430180393159389 0.0371613167226315 -0.168873503804207
v  -0.0664544776082039 0.0474943183362484 -0.019779909402132
v   0.0472598969936371 -0.0759992599487305 0.246848702430725
v   0.0188131276518106 0.00129233580082655 -0.0206478033214808
v    0.052620455622673 -0.0179018713533878 -0.01327751763165
v  -0.0120573816820979 0.00594372069463134 0.0911825299263
v   -0.096923366189003 0.0370446965098381 -0.0823339819908142
v  -0.0363795198500156 -0.043636541813612 -0.100585296750069
v  0.00660161208361387 -0.0571573376655579 0.0976487472653389
v  -0.0195105504244566 0.0363734550774097 -0.184773594141006
v   0.0320338904857635 -0.0860763937234879 0.262483835220337
v -0.000204886731808074 0.00146861094981432 0.00502245267853141
v  0.00133174075745046 0.00149177177809179 0.00168093817774206
v -0.000457584217656404 0.00293707405216992 -0.00180954590905458
v -0.00130503834225237 -0.00248066871427 -0.00361612625420094
v -0.000426206970587373 -0.00246720155701041 -0.00136445509269834
v  0.00115425488911569 0.000215106410905719 -0.000627110537607223
v -0.00122066226322204 -0.00212500453926623 -0.000298863131320104
v -0.000291101809125394 -0.00272782053798437 -0.00207011355087161
v  0.00292286253534257 0.00390684744343162 0.0103958733379841
v -0.00240342225879431 -0.000731863605324179 -0.00348434899933636
v -0.000672896625474095 -0.00387970078736544 -0.00540276803076267
v -0.00122475810348988 -0.00215894961729646 -0.00184644048567861
v -0.00953626725822687 0.00326657248660922 0.00764467753469944
v    0.026283560320735 -0.00737477606162429 -0.00409116223454475
v    -0.02831463329494 -0.0167898293584585 0.0509030371904373
v -0.000570191361475736 0.0123779308050871 0.00983122549951077
v  -0.0231760609894991 0.012994097545743 0.0260272510349751
v -0.00211243401281536 -0.00785402674227953 -0.0152026182040572
v  0.00426005572080612 0.00364147662185133 0.0129123786464334
v  -0.0315152704715729 -0.0106996530666947 -0.076992928981781
v   0.0174000971019268 0.00622509093955159 0.0128992749378085
v   -0.010165530256927 0.000895585515536368 0.00437873369082808
v -0.000364201056072488 0.00624350411817431 0.00150536419823766
v -0.000861358246766031 0.00555461412295699 -0.0119513040408492
v 0.000165567573276348 0.00238046445883811 0.00201094150543213
v -0.000307157984934747 0.00662924209609628 -0.0016487700631842
v  -0.0107748452574015 0.0409039370715618 0.0672269910573959
v -0.00658496422693133 -0.0646492764353752 0.0510119125247002
v -0.00669768173247576 0.00464723911136389 0.00364610645920038
v   0.0161198303103447 0.0371109396219254 0.0458162352442741
v    0.011027317494154 -0.0157930105924606 -0.0342852175235748
v -0.00900215469300747 -0.0090459156781435 -0.0169952288269997
v  0.00760150933638215 0.00435399124398828 0.00371036469005048
v    0.043919276446104 0.0918586552143097 0.0652818605303764
v -0.00328516610898077 -0.101559422910213 0.0620778948068619
v   0.0157664064317942 0.00281306682154536 -0.0293279178440571
v    0.015198084525764 0.00385953928343952 0.026610504835844
v -0.000836055143736303 0.00267699267715216 -0.00931632611900568
v  0.00260265613906085 0.00178119807969779 0.0025403993204236
v  0.00644182739779353 0.00240753637626767 0.0116774132475257
v -0.00478013325482607 0.0622937977313995 -0.0481764599680901
v   -0.014029280282557 -0.00609433464705944 0.0159863568842411
v -0.00143982842564583 0.00850907154381275 0.012211911380291
v  0.00555776199325919 -0.0158592276275158 0.0136751774698496
v   0.0635006353259087 0.0753175318241119 -0.0435726158320904
v  -0.0470784790813923 -0.00695331953465939 -0.0311734527349472
v  -0.0121207553893328 0.0477796643972397 0.0614730790257454
v  -0.0257067903876305 -0.0196701884269714 0.0350302122533321
v  -0.0254303012043238 -0.0373190343379974 -0.0310845337808132
v    0.026101790368557 -0.000469601189251989 -0.0315147638320923
v  -0.0185554996132851 -0.00127835688181221 0.0339574739336967
v  -0.0150812240317464 -0.0122742960229516 0.0322183966636658
v  -0.0176313184201717 -0.00365239661186934 0.0245439000427723
v  -0.0162171870470047 0.00471577188000083 0.00724390195682645
v -0.00215165270492435 0.0103916935622692 -0.0253721214830875
v -0.00992810260504484 -0.0139170913025737 0.0286283884197474
v  -0.0168608520179987 -0.00644034054130316 0.0437438152730465
v  -0.0114688472822309 -0.0147041687741876 -0.00371155445463955
v   -0.024355111643672 0.0186815392225981 0.0218591559678316
v -0.000507269927766174 -0.00700991600751877 0.0141098778694868
v  -0.0411621518433094 0.0663985460996628 -0.0387214794754982
v  -0.0724402293562889 0.118060991168022 0.20597879588604
v    0.119122043251991 -0.00430136686190963 -0.0101839927956462
v 0.000677614938467741 0.0039295069873333 0.00278163701295853
v -0.00345783052034676 -0.00392156466841698 -0.00291422079317272
v -0.00310021196492016 0.00463517382740974 0.000625876593403518
v -0.00743054831400514 -0.00254665990360081 0.00116121314931661
v  0.00795801822096109 0.00205441354773939 0.0100874109193683
v  -0.0449716746807098 -0.00916908960789442 -0.0110220098868012
v   0.0186519548296928 -0.00451886700466275 -0.0104427365586162
v   0.0154733909294009 -0.0180600415915251 -0.0274297222495079
v  -0.0226452965289354 0.0106077026575804 -0.00439183320850134
v  0.00398478144779801 0.000596069497987628 0.00192486855667084
v  0.00799118354916573 -0.0116513166576624 -0.0196149870753288
v  0.00132759613916278 -0.0122618889436126 0.00532364379614592
v -0.00275633879937232 0.0204742662608624 0.00312125426717103
v   0.0440525077283382 0.0067591774277389 -0.0494262687861919
v   0.0144681371748447 -0.0131819685921073 0.0747190937399864
v  0.00627113459631801 -0.0112861096858978 -0.00187591672874987
v 0.000441297539509833 -0.00834326725453138 0.0127834836021066
v  0.00562577787786722 0.00638641091063619 -0.0227240137755871
v  0.00971638597548008 0.0179935749620199 0.170449316501617
v -0.00139629887416959 -0.008939104154706 -0.18133170902729
v  -0.0321487411856651 -0.0112323248758912 -0.106431350111961
v  -0.0706653743982315 0.0589528791606426 -0.000943447288591415
v   0.0324952863156796 -0.00973969604820013 -0.00861457362771034
v   0.0103953378275037 0.0210309457033873 -0.052962314337492
v -0.00359744322486222 0.0126856518909335 0.0267823077738285
v -0.00822781305760145 0.00484954193234444 -0.00818316917866468
v  0.00714696990326047 -0.017482677474618 0.00827725417912006
v -0.00189668138045818 0.00255145085975528 -0.00954459421336651
v  0.00618705525994301 -0.0179230310022831 -0.0380795896053314
v -0.000484917807625607 0.0337462164461613 -0.0870665907859802
v  0.00593933882191777 -0.00162521481979638 -0.00342520349659026
v  0.00133689143694937 0.010304450057447 -0.0166824068874121
v   0.0242341831326485 -0.0237861089408398 0.0413278713822365
v  -0.0200658962130547 -0.0039800307713449 0.024629658088088
v  -0.0143485385924578 0.00295536662451923 -0.0394099839031696
v   0.0082957660779357 0.0288006830960512 0.0199864525347948
v -0.00558804487809539 -0.00313809188082814 0.0146596310660243
v -0.000959699158556759 0.0273391734808683 -0.0684425011277199
v   0.0104387467727065 -0.0374992974102497 0.045848123729229
v -0.00458433106541634 -0.00963406544178724 -0.00893573183566332
v  0.00535480119287968 -0.00388202210888267 -0.00214965688064694
v -0.00100376864429563 -0.000521027948707342 0.00640902062878013
v  -0.0147115979343653 -0.0352582596242428 0.0214927699416876
v  -0.0129715800285339 -0.00630460027605295 0.0157005544751883
v -0.00674090813845396 0.00938944239169359 0.0481285229325294
v   0.0447467155754566 -0.400316894054413 0.0800879821181297
v  -0.0146935684606433 0.0426043756306171 0.00801029335707426
v -0.00120405934285372 -0.00252376310527325 0.000192833758774213
v  0.00284556113183498 0.00394468754529953 -0.00223208987154067
v -0.00413081748411059 0.0343486033380032 0.00484569743275642
v 6.88260697643273e-05 -0.00242398236878216 0.0113778999075294
v  0.00202046078629792 -0.0181869082152843 0.014617782086134
v -0.00209931377321482 -0.00586152402684093 -0.00821412354707718
v   0.0148938605561852 0.00227031763643026 -0.0025505879893899
v   0.0200611464679241 0.033567875623703 0.00514209736138582
v    0.026062985882163 -0.0239358730614185 0.0509937070310116
v  0.00168738735374063 -0.019890833646059 0.0108709530904889
v -0.00448280572891235 -0.0143669890239835 0.034636951982975
v 0.000505712814629078 0.0013087501283735 -0.00620656553655863
v  0.00594970397651196 0.00139422225765884 -0.00665024667978287
v -0.000921948114410043 0.00494842324405909 0.00181902549229562
v  -0.0270221494138241 -0.00333596835844219 0.0447292625904083
v -0.00327974651008844 0.00250186119228601 -0.0045979768037796
v  -0.0190756861120462 0.00801210105419159 0.0107225049287081
v   0.0150256520137191 -0.0053762779571116 0.00726405344903469
v  -0.0168777722865343 -0.064076729118824 0.0213364195078611
v  0.00172499986365438 0.0172106325626373 0.0718795359134674
v -0.00153895141556859 -0.0311159454286098 -0.0375905632972717
v   0.0252493489533663 0.020485507324338 -0.0227192509919405
v  -0.0247531812638044 0.0181831456720829 -0.0108119118958712
v  0.00524348905310035 -0.0141105046495795 -0.00919823162257671
v   0.0145395696163177 -0.0345093123614788 -0.0821345821022987
v -0.00556605402380228 0.00589444534853101 0.0230310279875994
v   0.0028023689519614 0.0166751574724913 0.00965253543108702
v   0.0100900270044804 0.0126368999481201 0.0238343998789787
v -0.00647389935329556 0.0107217160984874 -0.00107803114224225
v  -0.0202105864882469 0.0362915359437466 0.0662695094943047
v  0.00591182289645076 0.00849544629454613 0.0160064287483692
v  0.00128262920770794 0.0185711402446032 -0.00711509771645069
v -0.000992719316855073 0.00123116956092417 0.00295086670666933
v -0.00271737901493907 -0.0304847825318575 -0.021702928468585
v -0.00538291735574603 -0.00453454535454512 0.00346828973852098
v   0.0286889038980007 -0.0298893712460995 0.0328122526407242
v  -0.0203043706715107 -0.0122858937829733 -0.00633617537096143
v   0.0120909344404936 -0.00853417534381151 -0.00157404877245426
v  0.00969861540943384 0.0321396440267563 -0.0793332159519196
v -0.00946394447237253 0.0188500881195068 0.0298637095838785
v   0.0172604508697987 0.0151655925437808 0.0129596795886755
v  -0.0061692837625742 0.00317599298432469 -0.0191812571138144
v -0.00318329781293869 0.0553954876959324 0.0451071225106716
v -0.00122177100274712 -0.0256789997220039 -0.0466212183237076
v   0.0271372999995947 -0.0704761072993279 -0.00409602001309395
v  -0.0610516332089901 -0.195018529891968 -0.281120926141739
v  0.00484471023082733 -0.032225601375103 -0.0229214783757925
v  -0.0168547891080379 -0.0440724156796932 -0.00923559628427029
v -0.00935915112495422 0.0220546182245016 0.0111202513799071
v   0.0497340336441994 0.0270221438258886 -0.0500165969133377
v   0.0281643569469452 -0.00817138608545065 0.0090359253808856
v   0.0244139060378075 -0.0357485413551331 0.00403965776786208
v  0.00456361845135689 -0.0961381867527962 -0.0938405618071556
v  -0.0291778445243835 -0.0835596174001694 -0.132521763443947
v -0.00392924482002854 0.0356510542333126 0.105486080050468
v  -0.0156356766819954 0.00215139100328088 0.0254323147237301
v  0.00640360685065389 -0.0155293121933937 -0.00483657931908965
v  0.00421046232804656 -0.0287709292024374 -0.012866267003119
v -0.00344300549477339 -0.00218861387111247 0.00450254417955875
v -0.00157940608914942 -0.00770624913275242 0.0145364394411445
v -0.00090034632012248 -0.000978669966571033 0.00429206853732467
v  0.00324182561598718 0.00290467566810548 0.00234071211889386
v  0.00147793907672167 0.00243699969723821 0.00225029233843088
v -0.000355483469320461 0.00584104983136058 0.0317366905510426
v -0.00475736474618316 -0.0117827672511339 -0.0286905970424414
v  0.00573166646063328 0.0329343862831593 0.0133433975279331
v -0.00233594095334411 -0.0453446619212627 -0.0115474220365286
v -0.00322782131843269 0.000993782887235284 0.000370973430108279
v  0.00196138327009976 0.0309462752193213 0.022828945890069
v  -0.0175066310912371 -0.00693201832473278 0.0196993704885244
v -0.00229327566921711 -0.00457087159156799 0.00779319042339921
v  0.00890749599784613 -0.00634848419576883 0.0011220071464777
v  0.00932279694825411 0.00454176357015967 -0.010444619692862
v  0.00041418120963499 0.0223901998251677 -0.00222648470662534
v   0.0081472797319293 -0.0212661921977997 0.0110431099310517
v  0.00178563361987472 0.00269228545948863 -0.00611169869080186
v  -0.0336966887116432 -0.00776162510737777 -0.0101870205253363
v   0.0382789596915245 -0.0744733661413193 -0.014886605553329
v  -0.0422245860099792 0.00529708806425333 0.0131354825571179
v   0.0478369370102882 -0.0107926037162542 0.0233453158289194
v  -0.0297009646892548 -0.00980157125741243 -0.0468753129243851
v  -0.0094802426174283 -0.0156063428148627 0.0207052268087864
v  -0.0252239517867565 -0.0247122962027788 -0.0110682006925344
v  -0.0085724163800478 -0.000141696247737855 -0.0111568532884121
v  -0.0267210211604834 0.0188406743109226 0.00953225139528513
v  0.00105524808168411 0.0167593155056238 0.0386986695230007
v  -0.0151149025186896 -0.00809923093765974 -0.0271310992538929
v   0.0302241407334805 0.0410728231072426 0.0804750174283981
v     0.01315086055547 0.0120686162263155 0.0367147698998451
v  -0.0303674824535847 -0.0142611591145396 -0.0549706071615219
v   0.0127163315191865 0.0212903097271919 0.0191513374447823
v  0.00303048500791192 -0.00239524431526661 -0.0166169796139002
v  0.00436399504542351 0.0120114479213953 -0.0209839101880789
v   -0.014319684356451 0.025387417525053 -0.0433293506503105
v -0.00334530347026885 -0.00229435111396015 -0.00305363954976201
v  0.00324940914288163 0.0119170565158129 -0.00169371627271175
v   0.0162093248218298 -0.00254788948222995 0.00391821376979351
v   -0.022697614505887 -0.0189423300325871 -0.0780823975801468
v -2.59633306995966e-05 0.00898753385990858 -0.0430082492530346
v -0.00151605426799506 -0.00870094913989305 0.0219739936292171
v 0.000169619059306569 0.00159084878396243 -0.0217701122164726
v  -0.0103859575465322 0.0086425906047225 -0.0140386689454317
v  0.00814936216920614 0.00825317110866308 -0.02657868899405
v  0.00242341356351972 -0.00127724616322666 -0.0098011614754796
v    0.017598582431674 -0.0327178202569485 -0.0147474547848105
v   0.0141363944858313 -0.000498737441375852 0.00651896232739091
v  0.00173663231544197 -0.0205263067036867 0.00711500085890293
v -0.00711236428469419 0.0422200821340084 0.0272101443260908
v -0.000334587995894253 -0.0311670713126659 -0.0392508432269096
v   0.0477564372122288 0.0575342141091824 -0.0517793074250221
v  -0.0125587191432714 0.0200926978141069 -0.267796516418457
v  -0.0273581296205521 -0.0641185715794563 0.00832376349717379
v  -0.0760724022984505 0.0306525900959969 -0.0244126059114933
v  -0.0211513545364141 -0.000836583320051432 -0.0237247180193663
v   0.0135299926623702 -0.00316307926550508 -0.0180343631654978
v  -0.0505455024540424 -0.0679058879613876 0.0268560722470284
v  -0.0298126991838217 -0.021207969635725 -0.0524037219583988
v   0.0210024043917656 -0.00970759522169828 -0.03300566598773
v   0.0999560579657555 -0.00126129924319685 -0.0447986908257008
v   0.0623360462486744 -0.0231624413281679 -0.0905870571732521
v -0.00377617147751153 -0.014486875385046 -0.0678045898675919
v -0.00220914371311665 -0.00235590361990035 0.00180981680750847
v -0.000254189770203084 0.00395158678293228 0.0201412532478571
v -0.00344879203476012 0.00465353252366185 0.0323827639222145
v -0.00139573379419744 -0.00110342539846897 0.00458478229120374
v -0.00652131112292409 0.000827822485007346 -0.00165432970970869
v  -0.0152302095666528 0.000829588330816478 0.0268397573381662
v -0.00931790471076965 0.00723347580060363 -0.026629913598299
v   0.0301100611686707 -0.00744559662416577 0.0565334632992744
v  -0.0177647359669209 -0.00124109955504537 0.00457009114325047
v -0.00146451708860695 -0.0105270761996508 0.0697696357965469
v   0.0073222010396421 0.00103220622986555 0.000235476807574742
v   0.0203939974308014 -0.093156099319458 0.0577693730592728
v  -0.0420500598847866 0.0234436765313148 0.0370208099484444
v   0.0190363340079784 0.0385450720787048 -0.0381326042115688
v -0.00859451200813055 -0.0147230699658394 0.0648910999298096
v  -0.0160384681075811 0.0167408268898726 -0.0379946269094944
v  -0.0775757879018784 -0.0194287598133087 -0.015223003923893
v    0.007188665214926 -0.000461399846244603 -0.00881466455757618
v -0.00664549926295877 -0.00601911591365933 -0.0216651000082493
v  0.00203078193590045 -0.00575739331543446 0.022929010912776
v   0.0044924602843821 -0.00434459932148457 -0.00208124937489629
v  0.00188898236956447 0.0135673610493541 0.0377779640257359
v -0.00799103733152151 0.00271045416593552 0.0352259017527103
v   0.0129884043708444 0.00802406948059797 0.0368662588298321
v  0.00425218045711517 -0.00360613013617694 -0.0020123515278101
v -0.00887906178832054 -0.00289914105087519 -0.0090598538517952
v  0.00798107031732798 -0.00406875228509307 -0.0157824996858835
v    0.010212735272944 0.000119350224849768 0.0424336716532707
v -0.00768255861476064 0.0507014282047749 0.0433242172002792
v   0.0603262893855572 -0.0981716215610504 0.0329416282474995
v   0.0119068259373307 -0.0091662909835577 -0.0129930665716529
v  0.00821506511420012 9.13597177714109e-05 -0.0610867477953434
v  0.00211528781801462 0.0219084993004799 0.0566855520009995
v    0.032925546169281 0.00739756599068642 0.098139263689518
v   0.0451921559870243 0.0428902991116047 0.0257518161088228
v  0.00883602723479271 0.0544773675501347 0.127760529518127
v -8.97931458894163e-05 -0.0533034130930901 0.0994822904467583
v   0.0267882253974676 0.0227341931313276 -0.0569928176701069
v  -0.0242549609392881 0.00159194902516901 0.0764862820506096
v  -0.0282179974019527 -0.0232055019587278 0.0453264936804771
v  -0.0291326269507408 0.00969688221812248 -0.0112696764990687
v -0.000798093678895384 0.00115350028499961 -0.00248146848753095
v   0.0105689615011215 0.0260340161621571 -0.016440624371171
v  -0.0284692216664553 0.0327482372522354 -0.0338654518127441
v -0.00226129801012576 -0.0144531019032001 -0.0235699564218521
v   0.0139015549793839 0.00187709229066968 0.0149771180003881
v    0.013897486962378 -0.0117281517013907 -0.0212583784013987
v  -0.0102090938016772 0.0275921747088432 -0.0312005709856749
v  -0.0183995310217142 0.00283182319253683 -0.0111407795920968
v  -0.0546580590307713 0.0131871858611703 0.0161591004580259
v -0.00965888146311045 0.0133348777890205 -0.0102057019248605
v   -0.043802235275507 -0.000280643347650766 -0.0506398268043995
v  0.00425008684396744 -0.0110717127099633 0.0105213997885585
v  0.00267527299001813 0.0292881447821856 0.000767296063713729
v   -0.010865056887269 0.0758094415068626 -0.00896255765110254
v 9.79134347289801e-06 0.0656271278858185 -0.0055103562772274
v   0.0266404673457146 0.0048782005906105 0.0130648873746395
v   0.0101044606417418 -0.00659775082021952 -0.0366431251168251
v    0.018920486792922 -0.0203221682459116 0.0966483429074287
v  -0.0157356914132833 -0.0256929565221071 -0.0037556798197329
v -0.000755534216295928 0.0016708115581423 -0.0772020071744919
v   0.0180901680141687 0.0395903512835503 -0.0447909720242023
v  -0.0314517132937908 0.111120723187923 0.0365117080509663
v   0.0232682786881924 0.00348287960514426 0.0143109243363142
v  0.00764386169612408 -0.00514805968850851 0.00525730662047863
v  -0.0317453444004059 -0.0535245202481747 0.0528213046491146
v   0.0238153412938118 -0.0091036157682538 0.031820971518755
v   0.0243063494563103 -0.00875161960721016 0.0309775788336992
v   0.0058217840269208 0.0121008669957519 0.0147870201617479
v  -0.0093217259272933 0.00463621690869331 -0.00295454380102456
v  -0.0130541604012251 -0.00921368785202503 0.0186947900801897
v -0.00145515287294984 -0.00509227719157934 0.00481941876932979
v -0.00410723127424717 0.012452176772058 -0.0212874058634043
v   0.0158048141747713 -0.00190465175546706 0.0348433926701546
v  -0.0024352609179914 0.003447484690696 0.00569998100399971
v -0.00259649124927819 0.00241104490123689 0.0102911507710814
v  0.00442086020484567 -0.00277706142514944 -0.00189005292486399
v -0.00223635183647275 -0.00386077957227826 0.00860665366053581
v   0.0287934392690659 -0.0708766505122185 0.038054708391428
v  -0.0284068305045366 -0.000791408296208829 -0.0117790261283517
v  -0.0336562432348728 0.00537014193832874 -0.0113328425213695
v  -0.0118954349309206 -0.007883345708251 -0.000372691865777597
v    0.029998579993844 -0.0123210418969393 0.0132473083212972
v  0.00610750075429678 0.00508535280823708 -0.0209151711314917
v  -0.0100611746311188 -0.00920251943171024 0.00437251385301352
v  0.00905310548841953 0.000649438356049359 0.0132922595366836
v  0.00394972739741206 -0.0303589981049299 0.0960923656821251
v  0.00263840844854712 -0.079596720635891 0.00282361125573516
v   0.0379833206534386 -0.0194209981709719 -0.107369512319565
v   0.0128136742860079 0.00321787805296481 -0.020564878359437
v -0.00912675354629755 0.00932605937123299 0.0181820970028639
v  0.00867108255624771 -0.307029694318771 0.145700350403786
v -0.00832000933587551 -0.00027902313740924 -0.0253458842635155
v -0.00081066059647128 0.00244341022334993 0.00292112585157156
v -0.00660254806280136 0.0160559564828873 -0.0677292197942734
v  -0.0775651186704636 -0.0743905603885651 0.00420442502945662
v -0.00397164840251207 -0.0117100980132818 0.0923441275954247
v -0.00368952471762896 0.0131467524915934 0.00912387110292912
v  -0.0101760933175683 -0.00692946370691061 0.0151601396501064
v  -0.0131430551409721 -0.0046003945171833 -0.025354428216815
v   -0.022417426109314 -0.00945990346372128 -0.0331623293459415
v   0.0279817469418049 -0.00991355162113905 -0.0176337026059628
v  0.00866958685219288 -0.0524363070726395 0.145866960287094
v  -0.0253080017864704 0.00642165215685964 -0.0149445962160826
v   0.0257523320615292 0.00520750042051077 0.0108959181234241
v   0.0596961565315723 -0.0237844474613667 -0.0590486787259579
v  -0.0318083316087723 0.0217814706265926 -0.0553047768771648
v   0.0428043119609356 0.0472023114562035 -0.115839995443821
v -0.00511536840349436 -0.00145182409323752 -0.0512946136295795
v   0.0313947424292564 -0.0276209246367216 -0.149012461304665
v    0.027209697291255 0.00618486106395721 -0.0114975962787867
v   0.0209273863583803 -0.0407018400728703 -0.0129267377778888
v  -0.0117891039699316 -0.0273672305047512 -0.0242452565580606
v   0.0381726659834385 0.0638312771916389 -0.0305667575448751
v  -0.0531082600355148 -0.0964010134339333 0.0444552041590214
v -0.000788217585068196 -0.0137410722672939 -0.01546033564955
v   0.0183843839913607 0.00648370152339339 0.00170525489374995
v -0.00109063007403165 0.000395574985304847 0.00703913113102317
v   -0.022168580442667 0.00459445640444756 0.013797253370285
v  0.00697614438831806 0.00610180711373687 0.0116666778922081
v   0.0121789844706655 -0.00141052633989602 -0.00182770541869104
v  -0.0148715740069747 0.0764808654785156 0.0261405352503061
v  0.00121955096255988 -0.00425127940252423 -0.000364012841600925
v -0.00489703472703695 -0.00647241761907935 0.0142239322885871
v  0.00127958320081234 0.00502839172258973 -0.00694543868303299
v  0.00304149999283254 0.00119660992641002 0.00602299207821488
v -0.00238127983175218 -0.00434963312000036 -0.00896320398896933
v  0.00311224907636642 0.00707586808130145 -0.00498223956674337
v  0.00380305456928909 0.00421590078622103 -0.00329767959192395
v   0.0298819430172443 -0.0290859863162041 0.00643931515514851
v   0.0267563443630934 0.0856038108468056 0.0454686097800732
v  0.00381278432905674 -0.0390143468976021 0.147497355937958
v -0.00228395452722907 0.0792237669229507 -0.0162723213434219
v  -0.0471195206046104 0.103991962969303 -0.0271148551255465
v 0.000676995317917317 0.000681728532072157 0.0306910201907158
v   -0.012408840470016 -0.0261670891195536 -0.00565801374614239
v   0.0258958749473095 0.0173591133207083 -0.104065135121346
v  0.00282634887844324 0.00792861077934504 -0.0319808200001717
v    0.034224845468998 0.00768597330898046 -0.0619664005935192
v  -0.0604096092283726 0.176122963428497 -0.0184015203267336
v -0.00822100136429071 -0.00450637005269527 0.000273355864919722
v 0.000811128411442041 -0.00655427435413003 -0.00956155732274055
v -0.00259266444481909 0.000386157451430336 0.00449120905250311
v  -0.0193391088396311 -0.00525093451142311 0.0363148339092731
v  -0.0174369886517525 -0.0230961535125971 0.107136279344559
v  0.00413593417033553 0.00432976242154837 -0.0430617518723011
v   0.0176530443131924 -0.00841952580958605 0.0758296102285385
v -0.000623078842181712 -0.00773552246391773 0.00189040403347462
v  -0.0196085628122091 -0.0186150465160608 0.066808357834816
v 3.53426330548245e-05 -0.00349407992325723 0.0112799778580666
v -0.00269552669487894 0.00278638559393585 0.00905376393347979
v -0.000875925237778574 0.00260143633931875 -0.0126097155734897
v  -0.0112840477377176 -0.078851692378521 0.0430154539644718
v  0.00724780093878508 0.00958371069282293 -0.021374836564064
v   0.0126945031806827 -0.0463166125118732 -0.00309601379558444
v   0.0377711206674576 -0.00170852697920054 -0.0669764205813408
v   0.0351032614707947 0.0077549209818244 -0.0802016481757164
v  -0.0189828481525183 0.0358219183981419 -0.00651077833026648
v   0.0059347883798182 -0.015364982187748 0.00958756171166897
v   0.0286847874522209 0.00889668054878712 -0.00454274378716946
v   0.0447042062878609 -0.0370918475091457 -0.00755667872726917
v -0.00566700706258416 -0.0464110895991325 -0.00977356918156147
v   0.0107561694458127 0.00542989047244191 -0.00485978601500392
v   0.0196162443608046 0.0126879727467895 -0.0451785326004028
v  0.00480561750009656 0.0185760967433453 -0.0324962846934795
v  0.00589221576228738 -0.00631688022986054 0.026202317327261
v  -0.0168797299265862 0.0179856177419424 -0.000159456045366824
v   0.0117092709988356 -0.0180562287569046 0.00524475565180182
v  -0.0186705309897661 0.00486998772248626 -0.0161572080105543
v   0.0123837850987911 0.00323305930942297 0.00513219786807895
v   0.0052231177687645 -0.0103034600615501 0.0279321894049644
v -0.00296635390259326 0.0113257523626089 -0.0272051803767681
v -0.00626871921122074 0.00582911726087332 -0.00666471337899566
v -0.00847380980849266 -0.0140173016116023 0.0118430443108082
v  -0.0110814683139324 0.000273664656560868 0.00155126000754535
v  0.00405740831047297 -0.000880136736668646 -0.00980859249830246
v  0.00264355866238475 0.0739226415753365 -0.00161686411593109
v  -0.0536789335310459 0.00731957657262683 -0.0144457025453448
v  -0.0488037057220936 -0.0262542106211185 0.0221343357115984
v  -0.0305307097733021 -0.00638797134160995 -0.000472931249532849
v  -0.0206905007362366 -0.0115324445068836 -0.0147640407085419
v  -0.0362919308245182 0.289623439311981 -0.0229077879339457
v  -0.0204454567283392 -0.19328261911869 0.107787065207958
v    0.029037743806839 0.0118753090500832 -0.0520210452377796
v  -0.0109681645408273 -0.0129699753597379 -0.067352406680584
v  0.00265107769519091 0.00421882700175047 0.00213976576924324
v -0.00443902146071196 0.00828182138502598 -0.0906050130724907
v -0.00582742970436811 -0.00309904082678258 -0.0269170310348272
v  -0.0184085257351398 -0.00713995797559619 0.016004154458642
v -0.00489237764850259 0.00054015894420445 0.0173408631235361
v   0.0795654430985451 0.104630514979362 0.0567317828536034
v    0.013581458479166 -0.0219817906618118 -0.178464189171791
v   0.0170592926442623 0.0337231680750847 0.0517904423177242
v -0.00204370706342161 -0.0014545526355505 0.0272756349295378
v  -0.0170513764023781 0.00269297556951642 -0.0133920004591346
v -0.00179236789699644 0.000512615835759789 -0.00124689668882638
v  -0.0100908214226365 -0.000279725063592196 -0.00248684245161712
v -0.000204398878850043 0.000364800187526271 0.00182619655970484
v  0.00457666534930468 -0.00985202938318253 -0.00574099412187934
v  -0.0201132372021675 0.00324910995550454 -0.0369491018354893
v -0.000561919179745018 0.00052866677287966 -0.00201429100707173
v   0.0136008923873305 0.00700878445059061 -0.00233394862152636
v   0.0129063772037625 0.00609397469088435 -0.000836937048006803
v -0.00276166084222496 0.00235831504687667 -0.00591040356084704
v 0.000196978726307862 -0.0116490740329027 0.01325289811939
v  -0.0269472375512123 -0.0519100055098534 0.0250320676714182
v  0.00475752400234342 -0.0198064092546701 -0.00380578241311014
v  0.00113143515773118 0.000526955351233482 -0.000739736307878047
v  0.00666134059429169 0.00247340090572834 -0.00191574485506862
v   0.0228755734860897 0.0365817695856094 -0.00523839564993978
v  -0.0072070169262588 0.00872927904129028 0.006739417091012
v -0.000552188605070114 0.0352328382432461 0.010816540569067
v -0.00474368780851364 -0.0085732601583004 0.0124076223000884
v -0.00148625031579286 -0.00361743359826505 0.00360714038833976
v   0.0106880906969309 0.0065980963408947 -0.00473460415378213
v -0.00482911430299282 0.0014163771411404 -0.00187405839096755
v -0.00876141246408224 0.000325939152389765 -0.00111657578963786
v  0.00604769447818398 0.0976172760128975 -0.0223705414682627
v  0.00562794366851449 0.0188594833016396 1.89245238289004e-05
v  0.00253300392068923 -0.00176754186395556 0.0016916545573622
v  -0.0048445756547153 -0.0019480069167912 0.00543666863813996
v  -0.0121049638837576 -0.00824379455298185 0.0114509481936693
v   0.0469010323286057 0.134881719946861 -0.0312254764139652
v  -0.0305984355509281 -0.0115406131371856 0.0449811704456806
v   -0.013861327432096 -0.136730685830116 0.0525075234472752
v -0.00717046530917287 -0.0846514105796814 0.0251300018280745
v -0.00722450762987137 -0.0162643995136023 -0.00528467958793044
v   0.0192398354411125 0.0190495401620865 0.00793459173291922
v -0.00402596825733781 -4.87138822791167e-05 -0.00121266162022948
v  -0.0363490171730518 -0.0138138635084033 0.0353465341031551
v -0.00123595225159079 0.00324678490869701 0.00380015233531594
v   0.0428535453975201 0.0275360904633999 0.040367629379034
v   0.0100060170516372 -0.0131182437762618 -0.00965655036270618
v     0.03688058629632 -0.000769627396948636 0.131372153759003
v -0.00292151770554483 0.00450716679915786 0.0284447763115168
v  0.00135433173272759 0.00424343906342983 -0.0160326212644577
v -0.00293063349090517 -0.109028324484825 -0.0729754865169525
v   0.0114096971228719 0.0562863796949387 -0.00864924769848585
v   0.0618460439145565 0.0943560749292374 0.021350858733058
v  -0.0720656141638756 2.40754852711689e-05 -0.0241282563656569
v   0.0135626140981913 -0.0337889045476913 -0.0542217381298542
v   0.0297560747712851 -0.0391047261655331 -0.058980043977499
v  -0.0262088961899281 0.0592175237834454 -0.00341714918613434
v   0.0563785992562771 0.0541617684066296 0.0116070117801428
v    0.011037478223443 0.0383673533797264 -0.00491201691329479
v -0.00631061196327209 0.00191936723422259 -0.04429080337286
v  0.00521422643214464 -0.00566444918513298 0.0714222267270088
v  0.00936155207455158 -0.0371038988232613 0.0320707783102989
v   0.0128188384696841 -0.00348441395908594 0.00484118098393083
v  0.00803424511104822 -0.00121189409401268 -0.013443592004478
v 0.000373884337022901 0.00288881780579686 -0.00179533311165869
v  0.00436981534585357 -0.0307173579931259 -0.0631625726819038
v   0.0185369718819857 0.00222358130849898 0.00757790403440595
v   0.0116935651749372 -0.00723106926307082 0.0169206857681274
v   0.0147934295237064 0.00141922594048083 0.00587189011275768
v  0.00916102528572083 -0.0545267909765244 -0.0242283493280411
v   0.0060716662555933 0.00986978504806757 -0.0251403208822012
v  -0.0285024847835302 -0.0106155313551426 0.00222332100383937
v  0.00598547421395779 0.0491996183991432 -0.0276770107448101
v -0.00277991965413094 -0.0501109324395657 0.010625165887177
v   -0.142038956284523 -0.0733952224254608 -0.0260261036455631
v  -0.0306620467454195 -0.0571314506232738 -0.00013856086297892
v   0.0679758489131927 -0.00816269218921661 0.0252000130712986
v     0.01633863709867 0.0358776338398457 0.00281307380646467
v   0.0211616083979607 0.0670752003788948 -0.0161705240607262
v  0.00062942283693701 -0.0169706009328365 -0.0138799082487822
v -0.00382603099569678 0.104486331343651 -0.0759982094168663
v  -0.0179690141230822 -0.0456351600587368 0.00269423332065344
v -0.000396391958929598 -0.00453654397279024 0.0159318409860134
v   0.0399816185235977 -0.132188141345978 0.160106748342514
v  -0.0136943217366934 0.0521026253700256 7.23133562132716e-05
v   0.0155291687697172 0.0385164394974709 -0.014912617392838
v   0.0224513225257397 0.0237823314964771 -0.0032100398093462
v   -0.011234363541007 -0.0560584105551243 0.0551649183034897
v  0.00166796590201557 0.00372331799007952 -0.00676786480471492
v   0.0334384255111217 0.0135495644062757 -0.0474703051149845
v   0.0212040673941374 -0.020309180021286 -0.029111135751009
v  0.00373645266517997 0.0019257195526734 -0.019307566806674
v  0.00210907123982906 0.0045938128605485 0.00103087082970887
v  -0.0381308756768703 -0.0238314792513847 -0.0200970955193043
v  0.00824549421668053 -0.000779977592173964 0.0198961738497019
v   0.0251472592353821 -0.00592543045058846 -0.0251267030835152
v  0.00496131321415305 -0.0783076882362366 -0.0541371218860149
v -0.00433364184573293 -0.00164768460672349 -0.00610157381743193
v   -0.020453929901123 -0.0539773516356945 -0.0153489578515291
v   -0.010812621563673 -0.00707870349287987 -0.0126110780984163
v  0.00707516353577375 0.0118112629279494 0.0102352583780885
v   0.0170075017958879 -0.0869340747594833 0.042280238121748
v   -0.038828007876873 0.00592245208099484 0.00835864059627056
v -0.00623877393081784 -0.0113292094320059 0.00374003127217293
v   -0.011107811704278 0.0111380713060498 0.00841571390628815
v  -0.0038447487168014 0.00210548518225551 0.000987547333352268
v -0.00952097587287426 -0.0115033751353621 -0.00298039265908301
v  -0.0385284833610058 0.118985682725906 0.0100557813420892
v  -0.0257106199860573 0.0255009029060602 0.0323724411427975
v -0.00102576473727822 -0.0150085473433137 -0.00871303491294384
v  -0.0144585203379393 -0.000714054855052382 0.0292206406593323
v  0.00022983671806287 0.000877386366482824 0.0055107562802732
v -0.000236325766309164 -0.0748883038759232 -0.0320570804178715
v   0.0134597672149539 -0.0167837031185627 0.00345477322116494
v  0.00523083144798875 0.00913814548403025 0.000325535278534517
v  0.00147606816608459 0.0723694711923599 -0.015586506575346
v   0.0500397868454456 -0.133307322859764 -0.0149845527485013
v  -0.0264289993792772 0.030769856646657 -0.0594706758856773
v 0.000809782417491078 0.0194166451692581 -0.00208959635347128
v 0.000423571793362498 -0.00721876556053758 0.00523590994998813
v  -0.0210441332310438 0.00932913459837437 -0.0235956516116858
v  -0.0130527829751372 -0.0264266468584538 0.0236504152417183
v  0.00793099869042635 -0.00228718481957912 0.0176214221864939
v  0.00136736163403839 -0.0137460231781006 -0.015357912518084
v  0.00132600520737469 -0.0257499366998672 0.00797600205987692
v  0.00241004745475948 -0.00456604920327663 0.0279736891388893
v   0.0128896860405803 0.0604698173701763 -0.144062325358391
v  -0.0129363043233752 -0.00679019652307034 -0.0160647928714752
v -0.00694745033979416 0.0179204996675253 0.0281123295426369
v -0.00776712642982602 0.05533417314291 -0.0369101129472256
v -0.00242955959402025 -0.0201652776449919 -0.0164483189582825
v  0.00528576737269759 -0.167323634028435 -0.0348527543246746
v 0.000464037817437202 0.026450976729393 -0.0287040285766125
v  -0.0179868414998055 -0.109063938260078 0.103918582201004
v   0.0160241294652224 -0.125328242778778 0.0755727514624596
v  0.00408761855214834 -0.190286546945572 0.0878376066684723
v -0.00555576011538506 0.231402039527893 -0.148864522576332
v -0.00443955883383751 0.267694681882858 -0.0534467995166779
v  -0.0115046696737409 0.0391584560275078 0.0208880137652159
v   0.0259246826171875 0.0203897040337324 -0.0460740067064762
v   0.0516718327999115 -0.0180332418531179 0.00669633178040385
v  -0.0677389949560165 -0.0186775512993336 0.0354458279907703
v  -0.0136563889682293 0.0277758166193962 -0.0512767545878887
v   0.0205449461936951 0.0291864443570375 0.00510301580652595
v -0.00181139097549021 0.00299046840518713 -0.0453937090933323
v   0.0485758818686008 -0.00689761620014906 0.0161948837339878
v   0.0211343914270401 -0.00175732490606606 -0.0296194776892662
v   0.0602635145187378 0.0183174349367619 -0.0651372820138931
v  -0.0190499182790518 0.0199520625174046 0.019323106855154
v  0.00962428003549576 0.0389477126300335 -0.0118189221248031
v   0.0376147851347923 0.0340055227279663 0.0629785656929016
v  -0.0029165567830205 0.0168303120881319 -0.0410247072577477
v   0.0154158798977733 -0.0296496525406837 -0.015224726870656
v   -0.013586999848485 0.0774485543370247 0.00700534088537097
v  -0.0115184877067804 0.00200242712162435 -0.00236161006614566
v  -0.0263219270855188 0.00179494393523782 0.0258128084242344
